COUNTYFP,NEVER,RARELY,SOMETIMES,FREQUENTLY,ALWAYS,State fips
1001,0.053,0.074,0.134,0.295,0.444,1
1003,0.083,0.059,0.098,0.323,0.436,1
1005,0.067,0.121,0.12,0.201,0.491,1
1007,0.02,0.034,0.096,0.278,0.572,1
1009,0.053,0.114,0.18,0.194,0.459,1
1011,0.031,0.04,0.144,0.286,0.5,1
1013,0.102,0.053,0.257,0.137,0.451,1
1015,0.152,0.108,0.13,0.167,0.442,1
1017,0.117,0.037,0.15,0.136,0.56,1
1019,0.135,0.027,0.161,0.158,0.52,1
1021,0.06,0.07,0.058,0.194,0.618,1
1023,0.049,0.038,0.126,0.219,0.568,1
1025,0.049,0.088,0.164,0.268,0.43,1
1027,0.148,0.158,0.195,0.169,0.329,1
1029,0.151,0.125,0.138,0.217,0.368,1
1031,0.101,0.152,0.094,0.186,0.466,1
1033,0.082,0.096,0.152,0.159,0.51,1
1035,0.099,0.052,0.259,0.192,0.399,1
1037,0.055,0.131,0.167,0.263,0.384,1
1039,0.187,0.128,0.129,0.201,0.356,1
1041,0.06,0.091,0.199,0.233,0.416,1
1043,0.13,0.024,0.249,0.217,0.379,1
1045,0.089,0.113,0.118,0.22,0.46,1
1047,0.095,0.1,0.159,0.122,0.524,1
1049,0.084,0.051,0.106,0.179,0.58,1
1051,0.042,0.095,0.127,0.252,0.485,1
1053,0.114,0.026,0.188,0.285,0.387,1
1055,0.096,0.103,0.178,0.122,0.501,1
1057,0.138,0.048,0.151,0.233,0.429,1
1059,0.065,0.071,0.223,0.156,0.484,1
1061,0.176,0.131,0.089,0.158,0.445,1
1063,0.03,0.053,0.127,0.167,0.623,1
1065,0.026,0.061,0.084,0.191,0.639,1
1067,0.066,0.068,0.17,0.258,0.438,1
1069,0.085,0.079,0.135,0.268,0.433,1
1071,0.092,0.089,0.11,0.249,0.46,1
1073,0.049,0.037,0.107,0.179,0.628,1
1075,0.107,0.045,0.132,0.189,0.527,1
1077,0.093,0.119,0.141,0.179,0.469,1
1079,0.162,0.08,0.088,0.251,0.419,1
1081,0.053,0.064,0.138,0.183,0.562,1
1083,0.102,0.034,0.133,0.336,0.395,1
1085,0.12,0.073,0.145,0.199,0.464,1
1087,0.008,0.033,0.241,0.172,0.545,1
1089,0.062,0.05,0.123,0.177,0.589,1
1091,0.033,0.151,0.118,0.186,0.512,1
1093,0.129,0.064,0.246,0.207,0.353,1
1095,0.075,0.064,0.129,0.253,0.479,1
1097,0.077,0.07,0.102,0.244,0.506,1
1099,0.112,0.041,0.182,0.288,0.378,1
1101,0.056,0.095,0.123,0.212,0.513,1
1103,0.078,0.077,0.082,0.304,0.459,1
1105,0.025,0.084,0.087,0.187,0.618,1
1107,0.031,0.06,0.169,0.157,0.584,1
1109,0.06,0.131,0.145,0.333,0.33,1
1111,0.158,0.226,0.105,0.144,0.368,1
1113,0.069,0.067,0.08,0.213,0.57,1
1115,0.027,0.134,0.144,0.2,0.495,1
1117,0.022,0.075,0.118,0.24,0.545,1
1119,0.055,0.068,0.118,0.197,0.562,1
1121,0.113,0.15,0.208,0.169,0.361,1
1123,0.067,0.095,0.136,0.296,0.406,1
1125,0.041,0.036,0.144,0.247,0.532,1
1127,0.09,0.081,0.145,0.256,0.429,1
1129,0.018,0.077,0.102,0.307,0.495,1
1131,0.061,0.098,0.199,0.187,0.455,1
1133,0.13,0.046,0.328,0.183,0.312,1
2013,0.067,0.032,0.034,0.316,0.551,2
2016,0.078,0.031,0.03,0.337,0.524,2
2020,0.042,0.05,0.049,0.196,0.663,2
2050,0.101,0.022,0.014,0.45,0.413,2
2060,0.048,0.037,0.042,0.308,0.564,2
2068,0.062,0.081,0.067,0.225,0.565,2
2070,0.072,0.025,0.027,0.391,0.484,2
2090,0.094,0.084,0.175,0.234,0.413,2
2100,0.055,0.05,0.123,0.419,0.352,2
2105,0.051,0.064,0.13,0.399,0.356,
2110,0.051,0.067,0.133,0.396,0.353,2
2122,0.043,0.047,0.051,0.197,0.662,2
2130,0.025,0.149,0.174,0.256,0.396,2
2150,0.042,0.043,0.049,0.233,0.633,2
2158,0.103,0.022,0.007,0.521,0.347,2
2164,0.055,0.036,0.04,0.299,0.571,2
2170,0.042,0.051,0.048,0.198,0.66,2
2180,0.086,0.061,0.009,0.544,0.3,2
2185,0.036,0.059,0.235,0.215,0.455,2
2188,0.035,0.188,0.051,0.474,0.252,2
2195,0.042,0.095,0.148,0.349,0.365,2
2198,0.033,0.125,0.161,0.3,0.38,2
2220,0.048,0.077,0.137,0.381,0.357,2
2230,0.058,0.038,0.116,0.435,0.354,2
2240,0.064,0.071,0.14,0.272,0.453,2
2261,0.04,0.049,0.052,0.197,0.663,2
2275,0.035,0.119,0.16,0.312,0.374,2
2282,0.047,0.012,0.078,0.381,0.481,
2290,0.044,0.047,0.126,0.425,0.358,2
4001,0.055,0.063,0.031,0.15,0.701,4
4003,0.053,0.025,0.147,0.194,0.581,4
4005,0.039,0.08,0.07,0.11,0.702,4
4007,0.073,0.014,0.03,0.336,0.547,4
4009,0.095,0.067,0.237,0.049,0.553,4
4011,0.111,0.089,0.167,0.089,0.544,4
4012,0.031,0.064,0.162,0.173,0.57,4
4013,0.023,0.025,0.059,0.158,0.734,4
4015,0.051,0.096,0.104,0.164,0.585,4
4017,0.091,0.108,0.059,0.139,0.602,4
4019,0.023,0.024,0.073,0.121,0.759,4
4021,0.033,0.055,0.096,0.148,0.667,4
4023,0.028,0.002,0.058,0.074,0.837,4
4025,0.031,0.073,0.081,0.176,0.639,4
4027,0.008,0.013,0.046,0.129,0.804,4
5001,0.019,0.073,0.134,0.216,0.557,5
5003,0.023,0.103,0.163,0.117,0.595,5
5005,0.15,0.104,0.108,0.104,0.534,5
5007,0.081,0.034,0.083,0.16,0.643,5
5009,0.129,0.145,0.122,0.189,0.416,5
5011,0.094,0.102,0.175,0.184,0.445,5
5013,0.145,0.132,0.108,0.211,0.404,5
5015,0.111,0.068,0.115,0.129,0.577,5
5017,0.104,0.074,0.193,0.097,0.531,5
5019,0.08,0.091,0.08,0.231,0.518,5
5021,0.082,0.124,0.157,0.242,0.395,5
5023,0.036,0.065,0.093,0.259,0.546,5
5025,0.107,0.03,0.16,0.231,0.472,5
5027,0.241,0.072,0.054,0.25,0.383,5
5029,0.071,0.12,0.137,0.347,0.325,5
5031,0.078,0.123,0.138,0.341,0.32,5
5033,0.155,0.1,0.167,0.211,0.367,5
5035,0.059,0.017,0.11,0.306,0.508,5
5037,0.097,0.017,0.163,0.319,0.404,5
5039,0.197,0.055,0.093,0.196,0.459,5
5041,0.078,0.033,0.19,0.189,0.509,5
5043,0.063,0.049,0.207,0.159,0.523,5
5045,0.066,0.027,0.077,0.403,0.426,5
5047,0.149,0.079,0.245,0.187,0.34,5
5049,0.105,0.121,0.226,0.197,0.351,5
5051,0.025,0.102,0.068,0.21,0.596,5
5053,0.082,0.043,0.127,0.258,0.489,5
5055,0.062,0.141,0.154,0.346,0.297,5
5057,0.098,0.073,0.096,0.179,0.554,5
5059,0.059,0.086,0.079,0.216,0.56,5
5061,0.081,0.07,0.145,0.145,0.56,5
5063,0.137,0.156,0.088,0.179,0.44,5
5065,0.086,0.121,0.133,0.23,0.43,5
5067,0.116,0.103,0.135,0.179,0.468,5
5069,0.042,0.036,0.172,0.173,0.577,5
5071,0.144,0.103,0.205,0.221,0.328,5
5073,0.12,0.082,0.078,0.234,0.486,5
5075,0.085,0.128,0.153,0.298,0.337,5
5077,0.103,0.032,0.195,0.263,0.407,5
5079,0.035,0.016,0.194,0.201,0.554,5
5081,0.074,0.121,0.106,0.201,0.499,5
5083,0.148,0.11,0.12,0.143,0.479,5
5085,0.048,0.045,0.136,0.297,0.474,5
5087,0.075,0.088,0.159,0.114,0.564,5
5089,0.171,0.112,0.119,0.108,0.49,5
5091,0.064,0.124,0.106,0.219,0.487,5
5093,0.033,0.109,0.134,0.284,0.44,5
5095,0.068,0.128,0.127,0.271,0.406,5
5097,0.081,0.095,0.136,0.166,0.521,5
5099,0.143,0.048,0.084,0.224,0.501,5
5101,0.107,0.14,0.084,0.261,0.408,5
5103,0.151,0.097,0.06,0.242,0.449,5
5105,0.098,0.051,0.08,0.367,0.404,5
5107,0.052,0.061,0.134,0.276,0.477,5
5109,0.064,0.061,0.2,0.176,0.501,5
5111,0.077,0.098,0.141,0.287,0.397,5
5113,0.18,0.08,0.217,0.076,0.446,5
5115,0.082,0.151,0.181,0.285,0.302,5
5117,0.062,0.17,0.103,0.273,0.391,5
5119,0.028,0.027,0.126,0.175,0.644,5
5121,0.051,0.145,0.203,0.289,0.311,5
5123,0.087,0.007,0.289,0.267,0.35,5
5125,0.066,0.044,0.154,0.212,0.524,5
5127,0.155,0.14,0.124,0.123,0.458,5
5129,0.1,0.088,0.125,0.149,0.538,5
5131,0.121,0.142,0.157,0.208,0.372,5
5133,0.12,0.093,0.155,0.165,0.467,5
5135,0.067,0.158,0.22,0.222,0.333,5
5137,0.067,0.092,0.11,0.234,0.498,5
5139,0.116,0.179,0.098,0.262,0.344,5
5141,0.033,0.06,0.096,0.272,0.539,5
5143,0.034,0.028,0.101,0.186,0.651,5
5145,0.026,0.054,0.152,0.277,0.491,5
5147,0.059,0.048,0.208,0.231,0.454,5
5149,0.116,0.1,0.112,0.198,0.474,5
6001,0.019,0.008,0.055,0.123,0.795,6
6003,0.025,0.085,0.088,0.19,0.612,6
6005,0.045,0.013,0.099,0.188,0.655,6
6007,0.015,0.043,0.111,0.204,0.626,6
6009,0.045,0.019,0.098,0.276,0.562,6
6011,0.027,0.031,0.092,0.151,0.7,6
6013,0.018,0.016,0.039,0.121,0.806,6
6015,0.01,0.135,0.112,0.196,0.547,6
6017,0.028,0.042,0.072,0.183,0.675,6
6019,0.021,0.022,0.059,0.156,0.741,6
6021,0.028,0.026,0.146,0.206,0.594,6
6023,0.042,0.006,0.018,0.069,0.865,6
6025,0.001,0.005,0.03,0.128,0.836,6
6027,0.033,0.011,0.008,0.058,0.889,6
6029,0.022,0.028,0.105,0.177,0.668,6
6031,0.075,0.016,0.049,0.094,0.766,6
6033,0.003,0.004,0.007,0.136,0.849,6
6035,0.064,0.068,0.162,0.225,0.482,6
6037,0.021,0.013,0.049,0.131,0.786,6
6039,0.019,0.059,0.048,0.124,0.751,6
6041,0.011,0,0.046,0.141,0.802,6
6043,0.01,0.094,0.049,0.186,0.661,6
6045,0.002,0.003,0.004,0.222,0.77,6
6047,0.026,0.036,0.089,0.146,0.703,6
6049,0.068,0.019,0.095,0.204,0.615,6
6051,0.011,0.026,0.012,0.07,0.88,6
6053,0.023,0.006,0.066,0.141,0.763,6
6055,0.017,0.026,0.033,0.149,0.773,6
6057,0.003,0.054,0.084,0.177,0.682,6
6059,0.023,0.021,0.046,0.156,0.754,6
6061,0.012,0.023,0.072,0.201,0.693,6
6063,0.063,0.067,0.053,0.146,0.671,6
6065,0.026,0.014,0.041,0.116,0.803,6
6067,0.025,0.028,0.062,0.164,0.722,6
6069,0.018,0.004,0.063,0.175,0.739,6
6071,0.027,0.022,0.048,0.134,0.768,6
6073,0.017,0.023,0.034,0.126,0.8,6
6075,0.017,0.011,0.035,0.121,0.817,6
6077,0.054,0.019,0.081,0.165,0.68,6
6079,0.025,0.024,0.037,0.169,0.745,6
6081,0.016,0.013,0.058,0.126,0.786,6
6083,0.015,0.02,0.075,0.153,0.737,6
6085,0.015,0.014,0.04,0.168,0.764,6
6087,0.008,0,0.086,0.109,0.797,6
6089,0.095,0.056,0.071,0.232,0.547,6
6091,0.14,0.053,0.047,0.143,0.617,6
6093,0.132,0.074,0.082,0.167,0.546,6
6095,0.043,0.046,0.035,0.148,0.728,6
6097,0.022,0.012,0.022,0.149,0.795,6
6099,0.032,0.028,0.062,0.173,0.705,6
6101,0.058,0.031,0.08,0.163,0.669,6
6103,0.057,0.062,0.141,0.195,0.545,6
6105,0.081,0.07,0.055,0.201,0.592,6
6107,0.025,0.039,0.115,0.136,0.685,6
6109,0.008,0.043,0.084,0.212,0.653,6
6111,0.024,0.011,0.033,0.156,0.777,6
6113,0.007,0.005,0.04,0.156,0.791,6
6115,0.057,0.035,0.071,0.167,0.669,6
8001,0.032,0.027,0.071,0.185,0.685,8
8003,0.052,0.133,0.094,0.228,0.493,8
8005,0.013,0.026,0.065,0.193,0.703,8
8007,0.041,0.041,0.155,0.276,0.488,8
8009,0.113,0.053,0.194,0.206,0.435,8
8011,0.033,0.036,0.172,0.191,0.567,8
8013,0.008,0.015,0.032,0.195,0.75,8
8014,0.018,0.005,0.042,0.201,0.734,8
8015,0.038,0.045,0.134,0.138,0.645,8
8017,0.016,0.187,0.106,0.398,0.292,8
8019,0.002,0.015,0.138,0.123,0.723,8
8021,0.06,0.106,0.093,0.195,0.545,8
8023,0.034,0.072,0.076,0.175,0.644,8
8025,0.002,0.034,0.08,0.294,0.59,8
8027,0.017,0.098,0.153,0.234,0.498,8
8029,0.087,0.094,0.074,0.295,0.45,8
8031,0.02,0.018,0.062,0.194,0.707,8
8033,0.052,0.039,0.066,0.252,0.591,8
8035,0.013,0.041,0.081,0.192,0.673,8
8037,0.008,0.003,0.033,0.269,0.687,8
8039,0.016,0.044,0.19,0.246,0.505,8
8041,0.031,0.089,0.081,0.196,0.603,8
8043,0.006,0.069,0.062,0.2,0.663,8
8045,0.065,0.04,0.037,0.326,0.532,8
8047,0.001,0.027,0.017,0.17,0.785,8
8049,0.006,0.002,0.05,0.187,0.754,8
8051,0.057,0.039,0.043,0.281,0.581,8
8053,0.043,0.05,0.117,0.271,0.519,8
8055,0.028,0.051,0.051,0.275,0.595,8
8057,0.021,0.027,0.09,0.342,0.52,8
8059,0.028,0.031,0.075,0.194,0.673,8
8061,0.028,0.051,0.159,0.27,0.492,8
8063,0.024,0.323,0.119,0.344,0.19,8
8065,0.002,0.016,0.036,0.193,0.753,8
8067,0.043,0.02,0.122,0.274,0.541,8
8069,0.013,0.037,0.06,0.231,0.659,8
8071,0.052,0.03,0.101,0.17,0.648,8
8073,0.013,0.068,0.196,0.403,0.321,8
8075,0.078,0.202,0.101,0.368,0.251,8
8077,0.075,0.105,0.098,0.222,0.499,8
8079,0.049,0.072,0.138,0.264,0.478,8
8081,0.041,0.142,0.162,0.284,0.371,8
8083,0.057,0.019,0.081,0.257,0.586,8
8085,0.085,0.092,0.074,0.314,0.436,8
8087,0.083,0.161,0.116,0.245,0.396,8
8089,0.004,0.047,0.102,0.194,0.653,8
8091,0.06,0.08,0.069,0.295,0.495,8
8093,0.021,0.018,0.103,0.137,0.722,8
8095,0.05,0.19,0.137,0.255,0.368,8
8097,0.019,0.014,0.016,0.318,0.633,8
8099,0.079,0.046,0.205,0.201,0.469,8
8101,0.018,0.044,0.074,0.28,0.584,8
8103,0.111,0.092,0.074,0.265,0.458,8
8105,0.061,0.144,0.11,0.242,0.444,8
8107,0.008,0.036,0.092,0.375,0.489,8
8109,0.065,0.122,0.138,0.232,0.443,8
8111,0.032,0.038,0.097,0.27,0.563,8
8113,0.043,0.058,0.074,0.26,0.565,8
8115,0.065,0.162,0.138,0.267,0.368,8
8117,0,0.001,0.064,0.151,0.784,8
8119,0.105,0.087,0.066,0.145,0.597,8
8121,0.077,0.208,0.101,0.303,0.31,8
8123,0.046,0.038,0.135,0.231,0.55,8
8125,0.038,0.284,0.133,0.255,0.29,8
9001,0.027,0.019,0.06,0.114,0.78,9
9003,0.015,0.023,0.065,0.13,0.767,9
9005,0.017,0.051,0.021,0.098,0.812,9
9007,0.003,0.007,0.055,0.128,0.807,9
9009,0.023,0.014,0.053,0.115,0.795,9
9011,0.025,0.021,0.066,0.142,0.747,9
9013,0.008,0.008,0.027,0.147,0.81,9
9015,0.022,0.041,0.082,0.137,0.718,9
10001,0.026,0.006,0.106,0.051,0.811,10
10003,0.027,0.013,0.041,0.133,0.786,10
10005,0.005,0.001,0.035,0.103,0.856,10
11001,0.012,0.013,0.069,0.164,0.743,11
12001,0.001,0.024,0.053,0.17,0.751,12
12003,0.087,0.076,0.18,0.215,0.442,12
12005,0.065,0.109,0.076,0.202,0.548,12
12007,0.106,0.168,0.172,0.173,0.381,12
12009,0.068,0.073,0.096,0.157,0.607,12
12011,0.026,0.023,0.043,0.117,0.791,12
12013,0.034,0.055,0.138,0.267,0.507,12
12015,0.051,0.049,0.101,0.158,0.64,12
12017,0.09,0.036,0.087,0.178,0.609,12
12019,0.055,0.067,0.15,0.209,0.52,12
12021,0.04,0.023,0.067,0.212,0.658,12
12023,0.047,0.026,0.288,0.254,0.385,12
12027,0.023,0.064,0.056,0.142,0.715,12
12029,0.071,0.095,0.119,0.318,0.397,12
12031,0.049,0.042,0.086,0.194,0.629,12
12033,0.019,0.052,0.095,0.31,0.524,12
12035,0.079,0.05,0.113,0.157,0.602,12
12037,0.022,0.101,0.237,0.228,0.412,12
12039,0.06,0.033,0.104,0.227,0.575,12
12041,0.016,0.151,0.069,0.324,0.44,12
12043,0.047,0.082,0.098,0.096,0.677,12
12045,0.046,0.125,0.12,0.249,0.46,12
12047,0.101,0.071,0.235,0.227,0.365,12
12049,0.114,0.041,0.179,0.186,0.48,12
12051,0.046,0.042,0.112,0.15,0.65,12
12053,0.09,0.04,0.091,0.19,0.589,12
12055,0.025,0.056,0.145,0.138,0.635,12
12057,0.023,0.031,0.069,0.155,0.722,12
12059,0.17,0.077,0.081,0.111,0.562,12
12061,0.054,0.065,0.082,0.193,0.607,12
12063,0.064,0.108,0.129,0.174,0.526,12
12065,0.019,0.017,0.099,0.183,0.682,12
12067,0.102,0.081,0.22,0.208,0.389,12
12069,0.047,0.062,0.074,0.185,0.632,12
12071,0.052,0.05,0.073,0.176,0.648,12
12073,0.051,0.022,0.071,0.156,0.7,12
12075,0.017,0.132,0.072,0.187,0.592,12
12077,0.022,0.023,0.205,0.268,0.482,12
12079,0.164,0.085,0.148,0.264,0.34,12
12081,0.074,0.037,0.062,0.201,0.626,12
12083,0.046,0.087,0.121,0.203,0.543,12
12085,0.027,0.018,0.066,0.169,0.719,12
12086,0.032,0.023,0.06,0.128,0.756,12
12087,0.007,0.001,0.014,0.159,0.819,12
12089,0.09,0.07,0.147,0.223,0.47,12
12091,0.091,0.083,0.147,0.21,0.469,12
12093,0.016,0.034,0.064,0.171,0.715,12
12095,0.02,0.02,0.072,0.164,0.724,12
12097,0.025,0.022,0.058,0.176,0.72,12
12099,0.03,0.02,0.05,0.116,0.784,12
12101,0.027,0.029,0.055,0.179,0.709,12
12103,0.025,0.019,0.074,0.133,0.75,12
12105,0.05,0.063,0.085,0.172,0.63,12
12107,0.068,0.05,0.114,0.186,0.581,12
12109,0.047,0.071,0.097,0.223,0.561,12
12111,0.077,0.022,0.08,0.173,0.648,12
12113,0.047,0.068,0.166,0.265,0.453,12
12115,0.017,0.031,0.073,0.175,0.704,12
12117,0.037,0.039,0.066,0.141,0.717,12
12119,0.037,0.036,0.064,0.235,0.628,12
12121,0.105,0.055,0.244,0.227,0.369,12
12123,0.103,0.086,0.19,0.145,0.476,12
12125,0.044,0.04,0.176,0.267,0.473,12
12127,0.035,0.066,0.089,0.192,0.618,12
12129,0.032,0.092,0.172,0.275,0.429,12
12131,0.092,0.06,0.092,0.244,0.512,12
12133,0.138,0.085,0.062,0.158,0.557,12
13001,0.085,0.117,0.23,0.152,0.416,13
13003,0.059,0.1,0.179,0.217,0.445,13
13005,0.071,0.132,0.187,0.188,0.421,13
13007,0.027,0.048,0.054,0.127,0.743,13
13009,0.02,0.089,0.107,0.29,0.494,13
13011,0.136,0.103,0.125,0.238,0.399,13
13013,0.063,0.086,0.092,0.19,0.568,13
13015,0.215,0.05,0.123,0.143,0.47,13
13017,0.129,0.078,0.109,0.202,0.483,13
13019,0.073,0.098,0.156,0.214,0.46,13
13021,0.043,0.094,0.176,0.201,0.487,13
13023,0.089,0.031,0.117,0.256,0.508,13
13025,0.047,0.129,0.15,0.164,0.51,13
13027,0.092,0.165,0.124,0.235,0.385,13
13029,0.033,0.039,0.095,0.238,0.595,13
13031,0.053,0.049,0.163,0.31,0.424,13
13033,0.105,0.109,0.087,0.208,0.492,13
13035,0.125,0.037,0.144,0.163,0.53,13
13037,0.013,0.035,0.043,0.172,0.737,13
13039,0.136,0.125,0.17,0.113,0.456,13
13043,0.037,0.045,0.177,0.264,0.477,13
13045,0.089,0.133,0.154,0.168,0.457,13
13047,0.143,0.152,0.114,0.217,0.375,13
13049,0.065,0.094,0.15,0.196,0.495,13
13051,0.035,0.04,0.144,0.158,0.624,13
13053,0.061,0.072,0.108,0.214,0.545,13
13055,0.116,0.102,0.187,0.143,0.451,13
13057,0.049,0.054,0.1,0.213,0.584,13
13059,0.054,0.057,0.06,0.226,0.603,13
13061,0.028,0.066,0.12,0.223,0.562,13
13063,0.038,0.054,0.125,0.159,0.624,13
13065,0.06,0.058,0.134,0.168,0.58,13
13067,0.039,0.049,0.116,0.225,0.572,13
13069,0.085,0.124,0.164,0.222,0.404,13
13071,0.108,0.191,0.074,0.233,0.394,13
13073,0.061,0.064,0.095,0.234,0.547,13
13075,0.098,0.134,0.123,0.203,0.441,13
13077,0.105,0.053,0.183,0.204,0.455,13
13079,0.057,0.051,0.231,0.192,0.468,13
13081,0.119,0.023,0.06,0.163,0.635,13
13083,0.128,0.222,0.13,0.249,0.27,13
13085,0.049,0.09,0.128,0.162,0.571,13
13087,0.093,0.04,0.171,0.18,0.516,13
13089,0.036,0.028,0.075,0.156,0.704,13
13091,0.145,0.025,0.15,0.236,0.443,13
13093,0.077,0.034,0.058,0.204,0.627,13
13095,0.033,0.037,0.045,0.159,0.726,13
13097,0.083,0.037,0.09,0.198,0.591,13
13099,0.045,0.062,0.156,0.253,0.485,13
13101,0.097,0.073,0.182,0.202,0.446,13
13103,0.044,0.064,0.145,0.272,0.475,13
13105,0.132,0.177,0.081,0.107,0.503,13
13107,0.062,0.044,0.142,0.252,0.5,13
13109,0.03,0.078,0.229,0.29,0.372,13
13111,0.075,0.088,0.125,0.112,0.6,13
13113,0.06,0.086,0.131,0.218,0.505,13
13115,0.186,0.036,0.234,0.148,0.395,13
13117,0.035,0.048,0.083,0.193,0.641,13
13119,0.168,0.074,0.117,0.215,0.425,13
13121,0.026,0.036,0.089,0.187,0.662,13
13123,0.128,0.042,0.087,0.198,0.545,13
13125,0.156,0.066,0.107,0.13,0.541,13
13127,0.048,0.071,0.145,0.251,0.485,13
13129,0.172,0.1,0.201,0.157,0.369,13
13131,0.063,0.139,0.116,0.264,0.417,13
13133,0.062,0.046,0.057,0.176,0.658,13
13135,0.036,0.054,0.081,0.19,0.639,13
13137,0.063,0.1,0.116,0.292,0.43,13
13139,0.061,0.069,0.128,0.198,0.545,13
13141,0.043,0.111,0.102,0.168,0.575,13
13143,0.184,0.123,0.165,0.184,0.345,13
13145,0.093,0.081,0.061,0.213,0.551,13
13147,0.092,0.061,0.14,0.207,0.5,13
13149,0.126,0.094,0.166,0.144,0.471,13
13151,0.103,0.048,0.091,0.181,0.578,13
13153,0.032,0.079,0.136,0.172,0.581,13
13155,0.098,0.091,0.126,0.224,0.46,13
13157,0.125,0.085,0.117,0.24,0.434,13
13159,0.082,0.059,0.181,0.118,0.56,13
13161,0.124,0.138,0.165,0.183,0.39,13
13163,0.251,0.055,0.099,0.102,0.493,13
13165,0.114,0.053,0.084,0.261,0.488,13
13167,0.119,0.053,0.109,0.251,0.468,13
13169,0.049,0.087,0.226,0.209,0.43,13
13171,0.07,0.06,0.171,0.293,0.406,13
13173,0.102,0.07,0.145,0.181,0.502,13
13175,0.122,0.056,0.141,0.291,0.391,13
13177,0.035,0.033,0.039,0.162,0.732,13
13179,0.007,0.099,0.066,0.215,0.614,13
13181,0.073,0.104,0.111,0.233,0.479,13
13183,0.014,0.119,0.086,0.159,0.621,13
13185,0.108,0.101,0.149,0.208,0.435,13
13187,0.035,0.086,0.13,0.245,0.504,13
13189,0.072,0.053,0.123,0.265,0.488,13
13191,0.034,0.076,0.188,0.221,0.481,13
13193,0.078,0.049,0.113,0.21,0.55,13
13195,0.165,0.084,0.055,0.186,0.511,13
13197,0.084,0.12,0.167,0.196,0.433,13
13199,0.109,0.086,0.138,0.15,0.517,13
13201,0.064,0.056,0.182,0.159,0.539,13
13205,0.044,0.112,0.055,0.159,0.63,13
13207,0.072,0.035,0.184,0.253,0.455,13
13209,0.114,0.083,0.174,0.228,0.401,13
13211,0.061,0.064,0.093,0.168,0.614,13
13213,0.193,0.03,0.182,0.177,0.417,13
13215,0.063,0.073,0.083,0.225,0.555,13
13217,0.094,0.076,0.123,0.207,0.5,13
13219,0.049,0.063,0.095,0.181,0.611,13
13221,0.056,0.082,0.054,0.181,0.627,13
13223,0.097,0.068,0.108,0.233,0.494,13
13225,0.027,0.074,0.172,0.16,0.567,13
13227,0.038,0.118,0.101,0.188,0.555,13
13229,0.05,0.143,0.127,0.157,0.522,13
13231,0.059,0.06,0.147,0.192,0.542,13
13233,0.106,0.071,0.192,0.145,0.485,13
13235,0.079,0.031,0.098,0.218,0.575,13
13237,0.059,0.093,0.118,0.214,0.516,13
13239,0.053,0.15,0.095,0.163,0.538,13
13241,0.1,0.083,0.124,0.229,0.464,13
13243,0.016,0.065,0.05,0.2,0.669,13
13245,0.068,0.059,0.114,0.18,0.578,13
13247,0.058,0.078,0.115,0.216,0.534,13
13249,0.07,0.102,0.117,0.214,0.497,13
13251,0.198,0.069,0.081,0.242,0.41,13
13253,0.073,0.079,0.202,0.135,0.51,13
13255,0.072,0.038,0.179,0.202,0.509,13
13257,0.087,0.116,0.116,0.31,0.37,13
13259,0.055,0.092,0.133,0.203,0.517,13
13261,0.055,0.056,0.046,0.202,0.641,13
13263,0.168,0.08,0.089,0.171,0.492,13
13265,0.065,0.048,0.086,0.158,0.644,13
13267,0.051,0.076,0.214,0.224,0.434,13
13269,0.126,0.069,0.182,0.201,0.422,13
13271,0.156,0.075,0.134,0.208,0.427,13
13273,0.019,0.029,0.03,0.167,0.755,13
13275,0.026,0.096,0.12,0.228,0.53,13
13277,0.066,0.088,0.122,0.227,0.496,13
13279,0.097,0.069,0.179,0.226,0.429,13
13281,0.076,0.096,0.098,0.199,0.531,13
13283,0.096,0.07,0.168,0.267,0.399,13
13285,0.175,0.031,0.119,0.178,0.497,13
13287,0.141,0.042,0.094,0.175,0.547,13
13289,0.04,0.077,0.188,0.148,0.547,13
13291,0.065,0.119,0.087,0.168,0.56,13
13293,0.16,0.1,0.114,0.206,0.421,13
13295,0.144,0.164,0.117,0.21,0.366,13
13297,0.106,0.127,0.184,0.141,0.442,13
13299,0.061,0.108,0.109,0.166,0.556,13
13301,0.095,0.065,0.14,0.226,0.474,13
13303,0.104,0.07,0.053,0.157,0.617,13
13305,0.029,0.139,0.143,0.139,0.55,13
13307,0.019,0.064,0.103,0.21,0.603,13
13309,0.135,0.078,0.162,0.23,0.395,13
13311,0.057,0.064,0.099,0.347,0.433,13
13313,0.185,0.068,0.203,0.142,0.403,13
13315,0.173,0.017,0.083,0.157,0.569,13
13317,0.08,0.086,0.114,0.172,0.548,13
13319,0.039,0.062,0.141,0.224,0.534,13
13321,0.069,0.056,0.083,0.187,0.605,13
15001,0.01,0.032,0.037,0.122,0.799,15
15003,0.011,0.012,0.027,0.151,0.798,15
15005,0.026,0.013,0.032,0.08,0.85,
15007,0,0.021,0.046,0.108,0.825,15
15009,0.034,0.016,0.025,0.122,0.803,15
16001,0.118,0.078,0.084,0.194,0.526,16
16003,0.094,0.216,0.218,0.218,0.254,16
16005,0.084,0.193,0.176,0.195,0.352,16
16007,0.151,0.12,0.102,0.243,0.385,16
16009,0.038,0.059,0.15,0.152,0.601,16
16011,0.095,0.197,0.175,0.229,0.304,16
16013,0.155,0.107,0.102,0.13,0.506,16
16015,0.057,0.038,0.038,0.549,0.318,16
16017,0.088,0.116,0.119,0.241,0.436,16
16019,0.096,0.202,0.188,0.247,0.268,16
16021,0.045,0.171,0.061,0.185,0.537,16
16023,0.107,0.213,0.159,0.222,0.298,16
16025,0.186,0.03,0.047,0.098,0.639,16
16027,0.113,0.095,0.17,0.24,0.381,16
16029,0.1,0.181,0.191,0.202,0.326,16
16031,0.134,0.223,0.102,0.149,0.392,16
16033,0.119,0.228,0.196,0.239,0.218,16
16035,0.037,0.112,0.127,0.25,0.475,16
16037,0.069,0.029,0.199,0.244,0.458,16
16039,0.206,0.044,0.038,0.173,0.539,16
16041,0.131,0.118,0.085,0.256,0.41,16
16043,0.111,0.206,0.202,0.247,0.233,16
16045,0.119,0.136,0.111,0.198,0.436,16
16047,0.211,0.202,0.089,0.153,0.345,16
16049,0.045,0.094,0.164,0.275,0.423,16
16051,0.099,0.208,0.192,0.249,0.252,16
16053,0.175,0.219,0.096,0.167,0.343,16
16055,0.146,0.105,0.17,0.22,0.359,16
16057,0.002,0.012,0.066,0.328,0.592,16
16059,0.109,0.173,0.231,0.125,0.362,16
16061,0.027,0.073,0.157,0.285,0.459,16
16063,0.18,0.2,0.105,0.135,0.379,16
16065,0.101,0.207,0.196,0.25,0.245,16
16067,0.134,0.219,0.106,0.152,0.39,16
16069,0.009,0.03,0.117,0.326,0.517,16
16071,0.083,0.173,0.153,0.185,0.406,16
16073,0.123,0.137,0.146,0.171,0.423,16
16075,0.081,0.199,0.174,0.242,0.304,16
16077,0.078,0.205,0.152,0.185,0.381,16
16079,0.068,0.144,0.299,0.147,0.342,16
16081,0.099,0.189,0.19,0.25,0.272,16
16083,0.166,0.222,0.101,0.177,0.335,16
16085,0.041,0.118,0.102,0.378,0.361,16
16087,0.136,0.13,0.324,0.172,0.239,16
17001,0.18,0.092,0.189,0.19,0.35,17
17003,0.11,0.082,0.148,0.262,0.398,17
17005,0.07,0.055,0.108,0.218,0.549,17
17007,0.025,0.006,0.065,0.244,0.66,17
17009,0.18,0.099,0.136,0.2,0.385,17
17011,0.012,0.019,0.156,0.208,0.605,17
17013,0.082,0.06,0.219,0.366,0.273,17
17015,0.03,0.064,0.12,0.19,0.596,17
17017,0.103,0.08,0.19,0.187,0.441,17
17019,0,0.067,0.08,0.192,0.661,17
17021,0.059,0.057,0.091,0.19,0.603,17
17023,0.127,0.089,0.107,0.226,0.451,17
17025,0.062,0.115,0.145,0.306,0.372,17
17027,0.102,0.063,0.083,0.166,0.587,17
17029,0.112,0.055,0.201,0.221,0.411,17
17031,0.023,0.021,0.072,0.162,0.722,17
17033,0.146,0.196,0.047,0.219,0.392,17
17035,0.095,0.075,0.194,0.212,0.424,17
17037,0.007,0.012,0.034,0.191,0.756,17
17039,0.035,0.106,0.073,0.28,0.507,17
17041,0.048,0.061,0.105,0.191,0.594,17
17043,0.01,0.01,0.056,0.163,0.76,17
17045,0.174,0.09,0.131,0.208,0.398,17
17047,0.086,0.148,0.233,0.306,0.228,17
17049,0.072,0.072,0.214,0.232,0.41,17
17051,0.069,0.076,0.156,0.229,0.47,17
17053,0.011,0.082,0.167,0.172,0.567,17
17055,0.099,0.166,0.119,0.211,0.405,17
17057,0.016,0.03,0.311,0.199,0.444,17
17059,0.201,0.06,0.128,0.238,0.373,17
17061,0.136,0.029,0.109,0.217,0.508,17
17063,0.056,0.056,0.105,0.183,0.599,17
17065,0.138,0.179,0.1,0.21,0.373,17
17067,0.147,0.154,0.125,0.163,0.411,17
17069,0.163,0.072,0.235,0.191,0.34,17
17071,0.096,0.044,0.101,0.155,0.604,17
17073,0.067,0.072,0.061,0.203,0.597,17
17075,0.097,0.168,0.069,0.242,0.424,17
17077,0.066,0.078,0.151,0.209,0.496,17
17079,0.099,0.135,0.131,0.254,0.38,17
17081,0.122,0.126,0.08,0.279,0.393,17
17083,0.074,0.079,0.124,0.185,0.537,17
17085,0.034,0.104,0.22,0.178,0.465,17
17087,0.124,0.05,0.189,0.141,0.496,17
17089,0.013,0.026,0.048,0.165,0.748,17
17091,0.044,0.084,0.096,0.249,0.527,17
17093,0.001,0.009,0.065,0.136,0.788,17
17095,0.035,0.031,0.194,0.246,0.494,17
17097,0.02,0.018,0.046,0.146,0.769,17
17099,0.018,0.046,0.113,0.267,0.556,17
17101,0.197,0.157,0.105,0.281,0.26,17
17103,0.013,0.054,0.058,0.224,0.65,17
17105,0.03,0.147,0.08,0.234,0.51,17
17107,0.046,0.045,0.23,0.128,0.551,17
17109,0.041,0.091,0.097,0.182,0.59,17
17111,0.03,0.012,0.066,0.176,0.716,17
17113,0.085,0.062,0.091,0.201,0.561,17
17115,0.016,0.062,0.088,0.286,0.549,17
17117,0.015,0.05,0.147,0.227,0.561,17
17119,0.035,0.045,0.083,0.189,0.648,17
17121,0.1,0.093,0.101,0.302,0.404,17
17123,0.048,0.083,0.133,0.198,0.538,17
17125,0.238,0.031,0.292,0.126,0.313,17
17127,0.097,0.043,0.232,0.256,0.373,17
17129,0.102,0.047,0.138,0.172,0.54,17
17131,0.039,0.066,0.11,0.215,0.571,17
17133,0.003,0.04,0.112,0.174,0.67,17
17135,0.018,0.05,0.091,0.316,0.525,17
17137,0.05,0.062,0.177,0.178,0.533,17
17139,0.081,0.073,0.213,0.243,0.39,17
17141,0.053,0.045,0.129,0.184,0.589,17
17143,0.039,0.036,0.096,0.251,0.577,17
17145,0.055,0.092,0.104,0.358,0.392,17
17147,0.003,0.052,0.06,0.198,0.688,17
17149,0.138,0.079,0.218,0.205,0.36,17
17151,0.104,0.054,0.213,0.214,0.415,17
17153,0.117,0.064,0.189,0.225,0.405,17
17155,0.021,0.025,0.168,0.251,0.535,17
17157,0.008,0.032,0.117,0.391,0.452,17
17159,0.111,0.151,0.107,0.3,0.331,17
17161,0.078,0.025,0.066,0.235,0.596,17
17163,0.032,0.027,0.037,0.138,0.767,17
17165,0.117,0.106,0.111,0.204,0.462,17
17167,0.017,0.03,0.155,0.233,0.564,17
17169,0.132,0.1,0.152,0.198,0.417,17
17171,0.113,0.057,0.148,0.162,0.52,17
17173,0.07,0.047,0.168,0.245,0.469,17
17175,0.013,0.101,0.058,0.155,0.672,17
17177,0.036,0.059,0.041,0.222,0.644,17
17179,0.044,0.04,0.141,0.215,0.56,17
17181,0.1,0.078,0.162,0.195,0.466,17
17183,0.023,0.119,0.088,0.266,0.504,17
17185,0.078,0.113,0.271,0.325,0.212,17
17187,0.042,0.02,0.141,0.276,0.522,17
17189,0.118,0.046,0.053,0.327,0.456,17
17191,0.086,0.142,0.128,0.3,0.345,17
17193,0.19,0.144,0.095,0.239,0.332,17
17195,0.025,0.066,0.042,0.218,0.649,17
17197,0.041,0.024,0.062,0.134,0.739,17
17199,0.095,0.122,0.136,0.183,0.464,17
17201,0.031,0.03,0.089,0.193,0.657,17
17203,0.062,0.067,0.112,0.242,0.517,17
18001,0.136,0.047,0.16,0.348,0.309,18
18003,0.07,0.14,0.099,0.228,0.464,18
18005,0.138,0.084,0.085,0.286,0.406,18
18007,0.082,0.126,0.112,0.183,0.496,18
18009,0.093,0.152,0.106,0.203,0.447,18
18011,0.052,0.085,0.142,0.308,0.413,18
18013,0.055,0.061,0.041,0.184,0.66,18
18015,0.059,0.104,0.17,0.22,0.447,18
18017,0.037,0.192,0.283,0.206,0.283,18
18019,0.068,0.06,0.141,0.228,0.501,18
18021,0.122,0.073,0.112,0.226,0.466,18
18023,0.088,0.033,0.132,0.285,0.462,18
18025,0.067,0.089,0.118,0.261,0.465,18
18027,0.049,0.061,0.13,0.214,0.546,18
18029,0.083,0.1,0.168,0.277,0.371,18
18031,0.175,0.083,0.101,0.204,0.437,18
18033,0.109,0.074,0.118,0.149,0.55,18
18035,0.095,0.109,0.124,0.197,0.475,18
18037,0.01,0.105,0.086,0.25,0.55,18
18039,0.03,0.097,0.094,0.252,0.528,18
18041,0.161,0.041,0.048,0.237,0.514,18
18043,0.053,0.086,0.154,0.233,0.474,18
18045,0.077,0.089,0.147,0.212,0.474,18
18047,0.07,0.082,0.104,0.199,0.545,18
18049,0.142,0.114,0.128,0.217,0.399,18
18051,0.09,0.1,0.204,0.255,0.351,18
18053,0.053,0.108,0.133,0.311,0.393,18
18055,0.099,0.027,0.081,0.235,0.558,18
18057,0.07,0.051,0.049,0.234,0.596,18
18059,0.068,0.04,0.166,0.306,0.42,18
18061,0.094,0.084,0.205,0.258,0.359,18
18063,0.054,0.052,0.113,0.257,0.523,18
18065,0.183,0.148,0.125,0.111,0.434,18
18067,0.008,0.083,0.183,0.301,0.426,18
18069,0.15,0.182,0.053,0.199,0.416,18
18071,0.097,0.098,0.105,0.388,0.312,18
18073,0.186,0.1,0.065,0.328,0.321,18
18075,0.141,0.139,0.157,0.235,0.328,18
18077,0.083,0.219,0.218,0.225,0.255,18
18079,0.095,0.105,0.172,0.308,0.319,18
18081,0.057,0.094,0.1,0.192,0.557,18
18083,0.158,0.125,0.121,0.259,0.338,18
18085,0.073,0.147,0.089,0.195,0.496,18
18087,0.059,0.082,0.171,0.236,0.452,18
18089,0.043,0.057,0.088,0.219,0.592,18
18091,0.084,0.075,0.168,0.206,0.466,18
18093,0.092,0.117,0.109,0.191,0.491,18
18095,0.062,0.084,0.15,0.145,0.559,18
18097,0.051,0.053,0.116,0.232,0.548,18
18099,0.12,0.103,0.159,0.229,0.389,18
18101,0.041,0.064,0.123,0.223,0.55,18
18103,0.054,0.125,0.253,0.226,0.343,18
18105,0.037,0.037,0.094,0.242,0.591,18
18107,0.07,0.116,0.168,0.156,0.49,18
18109,0.06,0.131,0.136,0.188,0.485,18
18111,0.102,0.153,0.092,0.338,0.316,18
18113,0.057,0.11,0.135,0.197,0.5,18
18115,0.06,0.078,0.18,0.223,0.459,18
18117,0.096,0.086,0.073,0.315,0.43,18
18119,0.094,0.038,0.087,0.282,0.5,18
18121,0.116,0.111,0.174,0.195,0.405,18
18123,0.01,0.109,0.087,0.252,0.542,18
18125,0.052,0.089,0.163,0.2,0.495,18
18127,0.05,0.1,0.108,0.231,0.512,18
18129,0.132,0.056,0.115,0.226,0.472,18
18131,0.135,0.219,0.171,0.253,0.223,18
18133,0.075,0.162,0.204,0.194,0.366,18
18135,0.128,0.13,0.228,0.179,0.336,18
18137,0.054,0.074,0.15,0.294,0.429,18
18139,0.133,0.118,0.063,0.279,0.408,18
18141,0.031,0.04,0.102,0.228,0.598,18
18143,0.036,0.073,0.168,0.263,0.46,18
18145,0.16,0.057,0.177,0.193,0.413,18
18147,0.017,0.134,0.104,0.216,0.529,18
18149,0.177,0.151,0.088,0.219,0.365,18
18151,0.04,0.089,0.17,0.169,0.532,18
18153,0.127,0.071,0.077,0.207,0.517,18
18155,0.089,0.125,0.209,0.234,0.344,18
18157,0.093,0.083,0.102,0.204,0.518,18
18159,0.033,0.082,0.089,0.444,0.352,18
18161,0.095,0.053,0.106,0.178,0.569,18
18163,0.07,0.039,0.115,0.234,0.542,18
18165,0.113,0.105,0.134,0.223,0.426,18
18167,0.118,0.064,0.102,0.25,0.466,18
18169,0.07,0.11,0.237,0.202,0.381,18
18171,0.079,0.115,0.092,0.223,0.492,18
18173,0.045,0.038,0.117,0.252,0.548,18
18175,0.097,0.074,0.062,0.356,0.411,18
18177,0.162,0.09,0.138,0.261,0.348,18
18179,0.205,0.05,0.077,0.337,0.332,18
18181,0.056,0.177,0.194,0.189,0.384,18
18183,0.061,0.186,0.132,0.16,0.46,18
19001,0.073,0.128,0.128,0.307,0.364,19
19003,0.148,0.11,0.15,0.311,0.281,19
19005,0.138,0.049,0.132,0.212,0.469,19
19007,0.044,0.11,0.239,0.193,0.413,19
19009,0.224,0.073,0.194,0.187,0.322,19
19011,0.098,0.067,0.13,0.2,0.504,19
19013,0.032,0.053,0.18,0.289,0.447,19
19015,0.09,0.08,0.1,0.197,0.533,19
19017,0.048,0.062,0.197,0.268,0.424,19
19019,0.021,0.124,0.087,0.394,0.373,19
19021,0.183,0.062,0.26,0.207,0.288,19
19023,0.052,0.094,0.208,0.23,0.417,19
19025,0.212,0.117,0.213,0.153,0.304,19
19027,0.153,0.11,0.241,0.139,0.358,19
19029,0.341,0.07,0.124,0.238,0.227,19
19031,0.026,0.096,0.142,0.355,0.381,19
19033,0.061,0.365,0.146,0.213,0.215,19
19035,0.183,0.105,0.221,0.182,0.309,19
19037,0.075,0.136,0.197,0.236,0.356,19
19039,0.078,0.167,0.143,0.194,0.418,19
19041,0.224,0.035,0.112,0.189,0.441,19
19043,0.123,0.084,0.137,0.284,0.371,19
19045,0.092,0.13,0.079,0.269,0.43,19
19047,0.089,0.045,0.141,0.064,0.66,19
19049,0.036,0.102,0.118,0.26,0.485,19
19051,0.038,0.101,0.249,0.201,0.411,19
19053,0.248,0.132,0.258,0.068,0.294,19
19055,0.035,0.137,0.137,0.408,0.283,19
19057,0.135,0.081,0.109,0.122,0.553,19
19059,0.276,0.027,0.091,0.173,0.433,19
19061,0.037,0.155,0.189,0.189,0.43,19
19063,0.241,0.083,0.067,0.181,0.428,19
19065,0.054,0.075,0.128,0.349,0.394,19
19067,0.063,0.271,0.148,0.25,0.268,19
19069,0.088,0.278,0.187,0.186,0.261,19
19071,0.048,0.061,0.071,0.209,0.611,19
19073,0.116,0.141,0.235,0.153,0.354,19
19075,0.038,0.042,0.203,0.238,0.48,19
19077,0.162,0.073,0.143,0.283,0.34,19
19079,0.143,0.118,0.129,0.153,0.457,19
19081,0.08,0.384,0.146,0.174,0.216,19
19083,0.074,0.075,0.195,0.214,0.441,19
19085,0.118,0.044,0.094,0.178,0.565,19
19087,0.123,0.142,0.091,0.183,0.461,19
19089,0.077,0.151,0.176,0.183,0.413,19
19091,0.243,0.268,0.147,0.102,0.24,19
19093,0.153,0.094,0.246,0.128,0.38,19
19095,0.027,0.149,0.135,0.239,0.45,19
19097,0.032,0.096,0.229,0.232,0.411,19
19099,0.102,0.105,0.233,0.212,0.347,19
19101,0.074,0.116,0.221,0.191,0.398,19
19103,0.014,0.044,0.069,0.2,0.673,19
19105,0.04,0.105,0.165,0.336,0.355,19
19107,0.035,0.126,0.287,0.28,0.272,19
19109,0.135,0.318,0.101,0.173,0.272,19
19111,0.17,0.146,0.131,0.161,0.392,19
19113,0.039,0.081,0.115,0.201,0.563,19
19115,0.097,0.058,0.15,0.214,0.482,19
19117,0.032,0.204,0.196,0.185,0.384,19
19119,0.078,0.173,0.157,0.247,0.344,19
19121,0.01,0.102,0.136,0.268,0.484,19
19123,0.069,0.067,0.294,0.283,0.287,19
19125,0.053,0.049,0.209,0.26,0.429,19
19127,0.077,0.064,0.153,0.226,0.48,19
19129,0.064,0.084,0.091,0.281,0.481,19
19131,0.046,0.282,0.149,0.26,0.263,19
19133,0.078,0.069,0.087,0.127,0.64,19
19135,0.034,0.078,0.256,0.247,0.385,19
19137,0.218,0.034,0.084,0.378,0.286,19
19139,0.12,0.022,0.221,0.273,0.364,19
19141,0.173,0.054,0.267,0.187,0.319,19
19143,0.195,0.051,0.233,0.199,0.322,19
19145,0.088,0.053,0.068,0.31,0.481,19
19147,0.199,0.116,0.088,0.179,0.419,19
19149,0.125,0.145,0.166,0.162,0.402,19
19151,0.214,0.124,0.162,0.165,0.335,19
19153,0.044,0.089,0.136,0.259,0.473,19
19155,0.115,0.083,0.147,0.264,0.39,19
19157,0.121,0.145,0.187,0.164,0.383,19
19159,0.144,0.138,0.281,0.162,0.275,19
19161,0.18,0.071,0.286,0.159,0.303,19
19163,0.075,0.027,0.126,0.277,0.494,19
19165,0.099,0.059,0.182,0.145,0.516,19
19167,0.12,0.06,0.285,0.2,0.335,19
19169,0.045,0.075,0.071,0.235,0.574,19
19171,0.066,0.053,0.209,0.181,0.491,19
19173,0.09,0.151,0.185,0.282,0.292,19
19175,0.03,0.125,0.172,0.21,0.462,19
19177,0.107,0.128,0.175,0.218,0.372,19
19179,0.034,0.082,0.293,0.221,0.37,19
19181,0.055,0.182,0.181,0.245,0.337,19
19183,0.035,0.102,0.123,0.151,0.589,19
19185,0.138,0.148,0.252,0.12,0.342,19
19187,0.209,0.167,0.161,0.101,0.362,19
19189,0.07,0.329,0.176,0.197,0.228,19
19191,0.122,0.044,0.151,0.177,0.505,19
19193,0.113,0.165,0.137,0.16,0.425,19
19195,0.072,0.271,0.175,0.231,0.251,19
19197,0.172,0.299,0.173,0.125,0.232,19
20001,0.153,0.212,0.126,0.167,0.341,20
20003,0.189,0.063,0.137,0.267,0.344,20
20005,0.137,0.122,0.169,0.256,0.316,20
20007,0.069,0.147,0.118,0.329,0.336,20
20009,0.107,0.131,0.12,0.211,0.43,20
20011,0.167,0.146,0.077,0.12,0.49,20
20013,0.089,0.149,0.183,0.197,0.382,20
20015,0.053,0.133,0.122,0.222,0.47,20
20017,0.151,0.082,0.212,0.225,0.331,20
20019,0.128,0.137,0.185,0.214,0.337,20
20021,0.131,0.121,0.164,0.174,0.41,20
20023,0.065,0.27,0.174,0.235,0.256,20
20025,0.163,0.13,0.126,0.232,0.348,20
20027,0.081,0.069,0.115,0.229,0.507,20
20029,0.154,0.077,0.118,0.217,0.434,20
20031,0.085,0.119,0.165,0.404,0.227,20
20033,0.112,0.144,0.128,0.271,0.346,20
20035,0.075,0.093,0.28,0.131,0.421,20
20037,0.108,0.143,0.118,0.139,0.492,20
20039,0.163,0.118,0.211,0.235,0.273,20
20041,0.106,0.118,0.148,0.243,0.385,20
20043,0.137,0.193,0.184,0.214,0.272,20
20045,0.006,0.009,0.024,0.227,0.734,20
20047,0.052,0.086,0.135,0.221,0.506,20
20049,0.061,0.05,0.295,0.282,0.312,20
20051,0.154,0.154,0.224,0.148,0.32,20
20053,0.174,0.133,0.133,0.187,0.373,20
20055,0.166,0.089,0.163,0.239,0.343,20
20057,0.143,0.084,0.143,0.232,0.399,20
20059,0.063,0.06,0.159,0.354,0.364,20
20061,0.05,0.068,0.113,0.27,0.499,20
20063,0.24,0.089,0.234,0.151,0.287,20
20065,0.218,0.156,0.247,0.129,0.25,20
20067,0.14,0.108,0.15,0.231,0.37,20
20069,0.158,0.092,0.146,0.24,0.364,20
20071,0.135,0.131,0.181,0.229,0.323,20
20073,0.034,0.079,0.256,0.302,0.33,20
20075,0.131,0.095,0.189,0.217,0.368,20
20077,0.079,0.118,0.21,0.193,0.4,20
20079,0.075,0.058,0.121,0.323,0.423,20
20081,0.153,0.107,0.137,0.239,0.364,20
20083,0.126,0.075,0.163,0.225,0.412,20
20085,0.01,0.116,0.161,0.136,0.577,20
20087,0.026,0.069,0.09,0.182,0.634,20
20089,0.171,0.142,0.087,0.259,0.34,20
20091,0.029,0.019,0.075,0.224,0.654,20
20093,0.155,0.098,0.172,0.229,0.346,20
20095,0.081,0.212,0.114,0.128,0.464,20
20097,0.062,0.107,0.128,0.233,0.469,20
20099,0.168,0.123,0.091,0.147,0.471,20
20101,0.197,0.075,0.197,0.204,0.326,20
20103,0.087,0.135,0.092,0.142,0.544,20
20105,0.171,0.132,0.16,0.163,0.375,20
20107,0.14,0.053,0.121,0.285,0.4,20
20109,0.206,0.131,0.194,0.189,0.28,20
20111,0.113,0.111,0.133,0.3,0.344,20
20113,0.12,0.065,0.106,0.313,0.396,20
20115,0.101,0.068,0.209,0.279,0.343,20
20117,0.048,0.049,0.233,0.263,0.407,20
20119,0.164,0.123,0.115,0.235,0.362,20
20121,0.071,0.044,0.095,0.25,0.54,20
20123,0.173,0.116,0.144,0.18,0.388,20
20125,0.164,0.132,0.102,0.195,0.407,20
20127,0.11,0.094,0.148,0.244,0.404,20
20129,0.12,0.113,0.144,0.218,0.405,20
20131,0.035,0.094,0.203,0.236,0.432,20
20133,0.133,0.204,0.12,0.127,0.416,20
20135,0.15,0.083,0.199,0.198,0.371,20
20137,0.161,0.163,0.177,0.225,0.275,20
20139,0.018,0.09,0.088,0.24,0.564,20
20141,0.174,0.233,0.163,0.136,0.293,20
20143,0.131,0.117,0.164,0.191,0.396,20
20145,0.053,0.096,0.137,0.217,0.497,20
20147,0.15,0.244,0.126,0.19,0.29,20
20149,0.012,0.057,0.145,0.236,0.55,20
20151,0.02,0.183,0.101,0.309,0.387,20
20153,0.128,0.174,0.209,0.22,0.268,20
20155,0.135,0.077,0.143,0.191,0.454,20
20157,0.183,0.073,0.076,0.295,0.373,20
20159,0.153,0.086,0.11,0.241,0.41,20
20161,0.03,0.05,0.124,0.261,0.535,20
20163,0.179,0.22,0.218,0.123,0.26,20
20165,0.11,0.122,0.182,0.183,0.403,20
20167,0.16,0.174,0.174,0.157,0.335,20
20169,0.126,0.133,0.175,0.209,0.357,20
20171,0.197,0.09,0.19,0.21,0.313,20
20173,0.06,0.055,0.126,0.26,0.499,20
20175,0.138,0.14,0.092,0.226,0.403,20
20177,0.009,0.078,0.095,0.184,0.633,20
20179,0.231,0.112,0.236,0.154,0.267,20
20181,0.1,0.27,0.159,0.24,0.231,20
20183,0.142,0.257,0.088,0.195,0.319,20
20185,0.041,0.125,0.109,0.252,0.472,20
20187,0.127,0.098,0.172,0.216,0.388,20
20189,0.122,0.132,0.112,0.225,0.408,20
20191,0.104,0.039,0.115,0.298,0.444,20
20193,0.188,0.157,0.208,0.184,0.263,20
20195,0.203,0.115,0.256,0.137,0.291,20
20197,0.011,0.077,0.12,0.201,0.591,20
20199,0.128,0.21,0.154,0.246,0.262,20
20201,0.148,0.075,0.111,0.234,0.432,20
20203,0.173,0.112,0.184,0.219,0.313,20
20205,0.125,0.148,0.145,0.184,0.398,20
20207,0.092,0.175,0.171,0.247,0.314,20
20209,0.025,0.056,0.076,0.178,0.665,20
21001,0.076,0.115,0.167,0.243,0.399,21
21003,0.101,0.072,0.097,0.211,0.519,21
21005,0.062,0.01,0.044,0.483,0.401,21
21007,0.107,0.033,0.198,0.257,0.404,21
21009,0.053,0.093,0.09,0.176,0.588,21
21011,0.076,0.058,0.084,0.339,0.443,21
21013,0.146,0.094,0.12,0.199,0.44,21
21015,0.08,0.087,0.081,0.232,0.52,21
21017,0.024,0.037,0.042,0.129,0.769,21
21019,0.084,0.125,0.202,0.235,0.354,21
21021,0.092,0.037,0.112,0.161,0.598,21
21023,0.056,0.249,0.065,0.238,0.392,21
21025,0.114,0.081,0.126,0.241,0.438,21
21027,0.023,0.146,0.177,0.138,0.517,21
21029,0.037,0.091,0.156,0.181,0.535,21
21031,0.066,0.097,0.133,0.17,0.535,21
21033,0.059,0.067,0.26,0.177,0.438,21
21035,0.066,0.084,0.248,0.17,0.432,21
21037,0.073,0.085,0.134,0.278,0.43,21
21039,0.104,0.045,0.188,0.236,0.428,21
21041,0.155,0.171,0.12,0.208,0.346,21
21043,0.069,0.102,0.122,0.324,0.383,21
21045,0.164,0.076,0.161,0.154,0.444,21
21047,0.06,0.118,0.178,0.279,0.365,21
21049,0.083,0.093,0.11,0.233,0.48,21
21051,0.153,0.082,0.165,0.16,0.44,21
21053,0.096,0.115,0.248,0.165,0.375,21
21055,0.121,0.117,0.29,0.153,0.319,21
21057,0.067,0.106,0.224,0.229,0.374,21
21059,0.055,0.057,0.122,0.236,0.531,21
21061,0.055,0.057,0.086,0.179,0.624,21
21063,0.117,0.1,0.051,0.289,0.443,21
21065,0.082,0.151,0.09,0.275,0.402,21
21067,0.031,0.051,0.066,0.202,0.65,21
21069,0.068,0.069,0.075,0.287,0.502,21
21071,0.131,0.066,0.129,0.134,0.54,21
